0 8 8 8 8 8 8 8 8 8 8 8 8 25 26 8 8 8 8 8 8 8 8 8 8 8 8 1
19 29 29 29 29 29 29 29 29 29 29 29 29 20 21 29 29 29 29 29 29 29 29 29 29 29 29 31
19 29 4 18 18 5 29 4 18 18 18 5 29 20 21 29 4 18 18 18 5 29 4 18 18 5 29 31
19 38 20 50 50 21 29 20 50 50 50 21 29 20 21 29 20 50 50 50 21 29 20 50 50 21 38 31
19 29 7 17 17 6 29 7 17 17 17 6 29 7 6 29 7 17 17 17 6 29 7 17 17 6 29 31
19 29 29 29 29 29 29 29 29 29 29 29 29 29 29 29 29 29 29 29 29 29 29 29 29 29 29 31
19 29 4 18 18 5 29 4 5 29 4 18 18 18 18 18 18 5 29 4 5 29 4 18 18 5 29 31
19 29 7 17 17 6 29 20 21 29 7 17 17 33 32 17 17 6 29 20 21 29 7 17 17 6 29 31 
19 29 29 29 29 29 29 20 21 29 29 29 29 20 21 29 29 29 29 20 21 29 29 29 29 29 29 31
3 30 30 30 30 5 29 20 11 18 18 5 36 20 21 36 4 18 18 10 21 29 4 30 30 30 30 2
50 50 50 50 50 19 29 20 32 17 17 6 36 7 6 36 7 17 17 33 21 29 31 50 50 50 50 50
50 50 50 50 50 19 29 20 21 36 36 36 36 36 36 36 36 36 36 20 21 29 31 50 50 50 50 50
50 50 50 50 50 19 29 20 21 36 12 30 22 24 24 23 30 13 36 20 21 29 31 50 50 50 50 50
8 8 8 8 8 6 29 7 6 36 31 36 36 36 36 36 36 37 36 7 6 29 7 8 8 8 8 8
36 36 36 36 36 36 29 36 36 36 31 50 50 50 50 50 50 37 36 36 36 29 36 36 36 36 36 36
30 30 30 30 30 5 29 4 5 36 31 50 50 50 50 50 50 37 36 4 5 29 4 30 30 30 30 30
50 50 50 50 50 19 29 20 21 36 15 8 8 8 8 8 8 14 36 20 21 29 31 50 50 50 50 50
50 50 50 50 50 19 29 20 21 36 36 36 36 36 36 36 36 36 36 20 21 29 31 50 50 50 50 50
50 50 50 50 50 19 29 20 21 36 4 18 18 18 18 18 18 5 36 20 21 29 31 50 50 50 50 50
0 8 8 8 8 6 29 7 6 36 7 17 17 33 32 17 17 6 36 7 6 29 7 8 8 8 8 1
19 29 29 29 29 29 29 29 29 29 29 29 29 20 21 29 29 29 29 29 29 29 29 29 29 29 29 31
19 29 4 18 18 5 29 4 18 18 18 5 29 20 21 29 4 18 18 18 5 29 4 18 18 5 29 31
19 29 7 17 33 21 29 7 17 17 17 6 29 7 6 29 7 17 17 17 6 29 20 32 17 6 29 31
19 38 29 29 20 21 29 29 29 29 29 29 29 36 36 29 29 29 29 29 29 29 20 21 29 29 38 31
27 18 5 29 20 21 29 4 5 29 4 18 18 18 18 18 18 5 29 4 5 29 20 21 29 4 18 34
28 17 6 29 7 6 29 20 21 29 7 17 17 33 32 17 17 6 29 20 21 29 7 6 29 7 17 35
19 29 29 29 29 29 29 20 21 29 29 29 29 20 21 29 29 29 29 20 21 29 29 29 29 29 29 31
19 29 4 18 18 18 18 10 11 18 18 5 29 20 21 29 4 18 18  10 11 18 18 18 18 5 29 31
19 29 7 17 17 17 17 17 17 17 17 6 29 7 6 29 7 17 17 17 17 17 17 17 17 6 29 31
19 29 29 29 29 29 29 29 29 29 29 29 29 29 29 29 29 29 29 29 29 29 29 29 29 29 29 31
3 30 30 30 30 30 30 30 30 30 30 30 30 30 30 30 30 30 30 30 30 30 30 30 30 30 30 2